v1.1.0: 0.7875020634242468
v1.1.5: 0.831949189107712
v1.1.3: 0.8502294819038455
v1.0.1: 0.8587445592227048
v1.1.1: 0.8946223035838505
v1.1.6: 0.8968567784845013
v1.1.7: 0.9050317401661592
v1.2.2: 0.915461030347808
v1.1.2: 0.925359899468618
v1.0.2: 0.9360185483193276
v1.2.1: 0.945635938705316
v1.0.0: 0.9667561509973864
v1.1.4: 1.0001184106522247
v1.2.9: 1.1287509740150137
v1.2.3: 1.1355028878732891
v1.2.0: 1.137689352442637
v1.2.8: 1.159547889837698
v1.2.5: 1.460111702785973
v1.2.6: 1.5114571383564412
v1.2.7: 1.5153780735047926
v1.2.4: 1.915030558738388
